290684730048370509107002048051046072782093104060127080070465013416030857520718496
042976835903402760007308942098031006071024059035009418329645187710083094000190623
465930080713056000092704003071285934084309206039461875928047360356008740140690508
842951007013000029006273001504096182609318050178020093461030970295107438387049216
356780901014603780708491503840170625670800319501030078089020136130968050265014807
026085934980213067070604082038100429019430805052870316261548793097020600040967250
290480516850106207600509800480060372032710469709243108005891624140372905908054031
907402306802137954450086172045609007078514693106308420730001568001863709089040031
025047800006302574714586030670405190481603050952178403030864021068701049147039085
652803970940675203087020160070538621030207598025061347798350416510796802003100700
029634708081702309743018052810329560436875920900146037198260075200500000075401286
705941003106870090009560071981436725050018049674290138407659302000324917203100456
083902516062801300150004082290417603710030240345620197509706401671205839024093705
090084317000201984140000562900846750070192843014305620050928436009613275062457198
501040720602089350000251046825007163764105982103062074030514690017028435456903210
194362805080015320305784196500007910218609007479501680600400231032156748841200509
317269548285341769040875012051980620064100850032000901126008495593010207078002036
102068937983571624647903108495000380076092400001854760069105073034006091710239046
090258004023094681874016925248137596059862003301945000437001869910680457605000300
018057630304961082265004709032485097781603420459012008193040270840126050020079841
290160083063872910041950702180705096670300201029641805710539428058217609932080007
010740825658032479270890136735469081190503064086070500501028300327604908849310050
080047013017903058324851079490070360256300781073586920001200537065039142732405096
580107400091840735670300189169758043052013976340269850025081097030002614710900528
856019402709004850243007601008706205074128360602940087387001924405890710961472508
041260398289030500005819420193582074052000983876000052920306701310490265564120839
069071203087502010014083607806130572953708100721605300605390821038257964490800735
928534617134697582605280930006073200250946378007852046860710453000408700049360800
420019035615304829370085614502960140907150362106023007053746981091002056804591000
509800071374010258218745036750469000042508610683102094096251703435600109120094860
168090375375601092409000816600059120930268540050170903710803259584926031093710680
920005371837001600506230000371504086052009713600173452203016548045398267760452109
018402600923016485647835901470100860159008347080974012735601298061080704094307050
612405003837201050049000721008629005261358947305710008084167502120083479753940106
740058923193620458580943167904065702600090541275431089329506804850204000400089200
795321800634807129281906570503000286162008490048002350329700605057160940406295038
768203500520071839390058020007542981852916073409037205185324700906085342000069150
093876400276143085481590736300680500745020069069054301028460103634910258157200004
007480926100063780082570410205736198013804267006190354760325049400917632309040570
170029834983504700426078090534897002760153900091062350219730080007285169650040273
204806570863050102790042003978503001140008035302471896601304957037915268580027014
701008040394071508820549173107402935432090810500813420043156780210380094670004351
095217463327860050416950087789521630263480010501006892604038020930045178000702046
729040150180925734045178920030082567867001003000637891570010609412860005690753412
803410070694327010120590460260145090079830651015769020932681740581274006006053082
163259740208047009040186300004610090002795416691804275419528030326071084085403021
006582149598030206400790058702908031834001700109350402683405907915270864247860503
507806432004230017002400560100082674006940000240763159680374295970628341023159786
806720435074063100532841070248197563003400217107630890389006001705304689400078352
204501000361789005980004761426135970530096104800472036002950017150207609798613452
000025009508974361069381500840190600900758214270463958192840735004500190350219480
268793400059400003134206980971305806520680004840100305082507109607830542315904678
740610820821057460396042007652098374180503692070406058007280936009704281208931000
956420031007159240041073089013240805825916070409380100108032954500891020792560308
000009046890034275432570801070340629248960510069251407503780900084600732627490158
706098510800000470405061390219586703354020869087940250900035084140870620568214937
000058096608490372974602508421076809769080250085240160500324681006010700132867945
241387960850219347700640028380000651000138492910560783095420006070806210628970504
030280041704030250201405837052793160800024005173856090028509014645302089917640523
400350896083069402200470001128537609095846217074901305950084703836000104702613058
500042873938007005427008690704006529689004107253790480146809002372405968000623714
279600854300852070815049623096214300438900060701068905687403502043526700950107036
178032506542097831906050074713560029260973100859024060305040910001005042087219653
409830025007010896105692473650170200042300510913528647870951360231786054590000080
610720538703080409045009010980036745350901080267008301496057023508412970172690854
400000258875264319123089764082007105001006037930051682208170493704098526309042070
040000308730020051065183947482001769396007205517096834604358102120760583003910076
493658127607142089021300005918725436700910250000480971179530062080060710064071590
937214600042705090105839020470302501510040209086950000791023846328406915654008372
054801976100952000008064120529007831001029754740518260082105693905286400610493502
800250906200619384691403752000800140430100098518064237359046021704301509120598470
564200008139407560782965000695804137040700206027019854050392781078040305210578640
839006745507843960604079003980762500740005028050481679172904806398650002465000397
075082416340010720016974385000801030094763251530429678700605102169038040450090863
739816520406750309210943008102309480090481250803005690020500846504038902970624135
016000570900600120050413908875900630091702845604038719740195006583076491169304257
508109070710650849960748025600085490354970681807401530006537914030206008005894263
458267003700140852910803000020001487083405269607980501364708125091506374275010098
027800130401026759390170608974208063003507800518693402839701205042080006156432980
607250984340600012285914367170506803904328051850000420020031609491765030700892140
004605920103807406052041008045169307769580214381470605928056143037010009516004072
060010824080560700094083056410350902906421007825690301070030498349872605158946273
958206000001400095073100206592834607087600520146027839810365972705012468009048153
000100692326980054009624837200071409084096020795248301458700910601059278970013546
005132764106947385073005091257860413014203900390401027061724539030516800000390170
570261408023584070064397150951002084208003617006400529080146005610029703092735861
107493500480700913203815047802904170906070850000682390029138465608547230350269001
004870020057000498182496370708369152526001039301080740470600203815234967063907580
027105003010020607409070051302560708981002365756831924294017080503284179178900402
460037891172800306398060204643020715010405600500603942800190507750386029026754183
459087010007005304326049785548613927902408003631702508805970031013026459200530006
800762031900801457031590080267980010180046705504307062619478500072059648450023179
610384270084150090500076014207038561840705920001060748163800400078541632425693180
897500134000984570546007829684001397209743681700096050370619200015020763462075008
823090160000637042746020539038965720062081305975203001209076000604359278387002956
973804250065972140124635908748360500000029860602548000289056317016290405400183600
061784530738915200409236070673490825005820690982003017026070941007102050014560782
002031098051400236439268001194305807620007940080004150940186025506742389208953610
372164090081509003069083004803020100217958436956401070198300567724690080605817902
409831056030502497256407308540106900893254600060300540605928034380645109924003805
460190253092408610301006048620014005807605139103879026785042061904061502010580704
006800391028349706003067280314072568860451903597680410001094820005710630709230140
301875002482190075657032918570689123006050004839001700928367541063014200005908007
483600015925184076107395280602900700804070621500208439009830142310050097248719060
890702406376010052020580900249060173750020649013974205180293064904150028502008791
308740009620908534410520008506281000104070002700439165045162093971304826063890451
430051720057946013061200945502084009008602570940375182024513098193008200085709430
439016075175342906208079300020680150091054637750093800502900013013725408980031502
352091648400530709700846025521007080673280951948153060860000570005078100137420896
082390047071250369609470028063082954900063871150709632005000086897025413306810005
624708091935210740871945062158367429200094800000852600786509134002600900010473200
152693480003841065804072391430008000589720030621905070740259603396417008015000749
002437001074006035069508427000371208000024159216859070690183000421965783538742010
270049805946005720030127094860450170793201008154708203005972416600814350017030902
820716053567243980130805627471030890602470035950001274045008009318060040206350708
030084560602059087504670301900728146841563279060401003490230710305006900120947635
065123780000687509837549012500408076400750108070200450796304825304800901180965347
205796431004301508603840702907612843021584070000007120002460350469103287538200610
604172398190408702208069051710024506020016870400507129902701645867205013501093000
938671405200800396046239170682095004794102003000708902053980240427503600009427531
150200063680593010430706000501872639028659140976341802003000475000427390764935201
601803027205069308030270196402317080719582600583490001127630859050028403048900760
273080050451763029986425007830240715560000248004850093708590301010674902092308504
702356900014897026000241378005023010208170659070980234047539060569412000123708095
008200631061700084530816927687001002409032875352480106000564010170328050845179063
819607300205890164430520789304060007762108093980734652520316000043080270198470006
041093700756004932300705008987536024132407596004021007098150070203609801015378249
352904006094170050800503290905400300210090465460751982020847539508639127730010648
607902415280031700490600023503216980108349500964578230750164090806790152010025040
236801700094307102807520963761980034052013678400670091009050827005248009028039456
847060302593827416126504879370018605209073084610090703481050060760140000905086201
173000046680004521040091038896032475501748209720950813360507194957410002008060307
875240061903651072060387549090568407007030985580970013736015094010490706409020108
000600007692370510187590632940002350708050026210436789874015003029060140561243978
120050746030647280067120593210084359803205060754036810305001924001072635600500178
039010527020587319000320648268703051751846003943052876010965704007008002486200905
571260090200010400084907126035021060026379581197680234610548970702090348040732005
900518624280740100010029785768001540450072069329460810892653471546107200103000900
070605410060843972423179000745201069032498107189750204356902701000067090897014020
731004950402758003068193427026500379000607241004932685305806792000070830607329014
501403208742501963980762004834907010605100307107356009279000506056009481400635792
760200400405869017300070609840300970537608042296140503054783290972016835083952060
850203967126008030973460801030040012290806075640520389312600798469087050705390046
080405631760329004354108792900002003125090460607504129593047016076230085812900307
123050096647329851908001200006235107875090602012678945009710364760900008004586019
479218530081604920250793401705020069094065710012009304107002698000946073960087245
024001800160780250708260419090040038305928647846000025472659301600407590951832064
030200481619004003204710596578021000026470138041806207162900075857032049493057802
105034098906127530324890716001352079069080005753906002000478900698513420430260051
006840209708560030004000856490306517637015408581027690045690001063278945879154002
700090005045807931910250746674328159381975004020040000493502608057639402162080500
085002070376945081042078609009850062500027093700639845854713026293086400600294008
509428701807005342026137080072519408058743026304082005000294600900006207265071894
005780610000061092000392780906270854542806379308905126600107900481650207020438561
600014095002893761009700432390400506168009240245671380580137920000086103931042670
240106050060480203798253106020067910915008460687014532059030784470095321802700005
260954018190068254485013006350080920600397040978042630709000162506109403030026579
050812000207605901036790825703021008610947352500360074321400589809003407475180206
000730610713059002690210570000541207401907058509023046140080900962475831830196724
078100264542080073136407958053708692000064085687090031394001020025049316801070049
945800037210793840037054090702641058563008400004507020371089064629415780050306209
235800016987410352000003798002000601718360025564290873829130560600908237000602189
573648129910702456204905807059004218301589760406120500000250641602400080040096302
092001768640870509708906002854039270271080394069004051020507080180263947900418025
362080040705010008040903507479652180583040692210098070831060704924075036650834019
005408009247009008308520476520780064709150283804062750076015890952806130183097600
790400050412908736538062041147095308903217060260384007001023409020800015859140270
763520189942008700001076420096743010307165908104089300000807694478691230630402070
700154908950070164401936527100500000305400000806013245037801452540627010218345679
812409053400280600030501824064102000308607140501908367280704936079325480143896000
041958300739042510025300609563700284180564937004280156406170800217800400308400790
650002081941708652023165070705486039294051768300207045589010427100500096076000510
259040068074061023130080794603170082590020476782090301360018049027634015408009607
500207310381965274060014905813706002409521063005843000956430721100609008748000639
630912080920085043080046190706021430000063901140579806469137258005008700802654319
900482003213000478458100209602753980000021004570908032325870196706219340190365020
708903020904600508560248790301026800692485173407139060036804950879062004005091680
860093002200600390003004816327069450008057260546030789085276034070381625632945100
102403680900802451874105020230041578000658004540007169400586300380219006621730895
709342160614580700283017450008723091070408030932100807046001382021050904807230615
038651270074238100126947385317094002005010000049005801792160058001470623460502709
486753190751892034923641057070130400014970003000428706507010008169207045038004970
567423910000695203000780540726908004810346052450010680600070320975832061231560890
087301092059460300143027806034716020906045038570893614328104900090632007061009203
306010480401065923080493076037058241009642800842730509718320604924006310563000002
013504968094020000756890324605730040139605070402918053028160007300007596967453201
490000570700280031100090080013670890029508310847319620350800769971436258280957103
087501326295003078103802940972400031801067592536000487714230869050004010320900704
700023980489760213231840070045098021000500048817402609698207035074380190100954067
235091007004076325670000941003649502409382006860517439327150690006904170901003250
901640083340500102802013006468020951527189064039465728004251037203700010705000249
507613942009020378324907560246001035000062480798430126002108607065200813870050094
000398146196750308040102579359071062078200900412936007964000200700423695205019084
253080946081004375407300081314827560800900412960015000729640003108072694546100720
059307006820150073407628159741000095305794218098510060512406007674000080903275601
005810070892300051100950683258003104906080725014005836429607518601520340573008260
094100065063540109105000043930405621670830954502010087056984702819257036407301008
002317650456900007731060092864000075325700901197003426249050763570634009013070548
320800041578064320016039857780426500635907412294503086000702105162308904900001030
086025041003648975004173826070094512410857600095000780207030168809710450530086290
003010764890000203407020890652001000378602410009387526234198605005264038986730102
305291467000576380160040900614030820753028604028004035079302148806100290231400570
070960410096301705040007960708420091362819500410576300004708056000692847687150239
806710004710602093320894761640130950189000632037020148208305009401079085053080270
000206034430809602268340100857401200691072400300960751983620517500703946746000308
805190040009053001003000560941368257607021034352947806038009020594682003106735098
450001082900080164816274305301658079790040653005700210264007830130826047087010906
007043986009761230630020750490302567286470019075619408913800602500090100760034890
007000342834072090019036058096720583458063209302895160001040030705380906683200417
650712843037054020420008507970063201016597038500001609004100702082346915165200380
912600743800732691300140025435820006280496530600010402026008074700264008548300269
867010205351800497249003680070000140510467020024130756790302514080091300132740809
510406023374008961002931045900007216001050000728163450483710690057000138196082074
600040003780109200201537698950600000314085962860914530508402006109370854470851029
076253104204918006013400005607390452021004090300725860092030640760102539435089207
005921680790358400801476593087563914610240005030810076962105008003080109000794062
652034087748002003900805604403107208215490036000503419300200941069341802120089360
340072896560349700002061435895130207634700509210956300000200940459603172120007600
306845921851392604204760008018030060062410035540028097180006203600284710420100580
368952140050000630710380205245067083000804752837520001480073010123695874570000306
400379250057162098020805013009600002048723005002950874795238641210490087004007329
300800072084702105710465008129674503078319240436200000090107854001943620207580031
602835190841900000539074260495063817768409020203708006184390050900680031326040080
402605071596107408317804096200400009870001260605982713058000637903708145704500902
157000000093170508084000317310849000548327900729560480800030175471056839935710604
130004205054289361682300947506903824027040653008600109073006090201407538005830706
275000000010060243640021587500270406824390075367015800750649318480050760136782004
300460098704001630680703241468317009030008406502040183907532000256004317043176902
203610500100870092870230640008307160000521839031006205602943758709068423380700916
040062701673081209821079560098600314006020897037940650700890435064015070500734026
480109027029067100105842693207405000501620070648003015853270400914306752002904830
261800074409762310307904602005197463736048200000320750602485030140600527093201006
500802610081760309627010840805296000203107980096300572000630258002478160308521794
284137956901508704670920000860245071012000589703800402028093045007601298096080107
503279104007504829409000005006107240942385607371600958005028406204703581060450390
950230460324901057060047392475396128683150900100700035039400786700003540506079003
813420950400651703075089012760802105931745008020096347056200870180570024207068000
930257168821490300765100000580009200100340850047805093670538041008900736309674582
126470530948035076570906080080020940709040860052009300010897653390100728067352491
000085700250400680090072100504890007706253409000704528078136050645927831312548976
056931470903240806420586039002004680634010000185670304070468210360725908200090567
960203015003970020271050439807615342624397080315028067546082190180000004700064050
009500420001468095605239780500726913900384500263090847058643200470950030302071650
613085000089610753072004680728160345934508000156420079801206037060051904205907060
579640813602380470030571926326057140054000008800403000705924380201735600043060257
001600234070439061436001709309080402080592670705340098910865347000023815803004926
000276805657304029480519603260750480008100700371468950796835000025040367134007090
905632801080704009436908725608070912017260584529480670000023490050090230293807050
856071924907400501020080073285104397070890400694030812300610759760250140500749030
304726010712050063560431790459380106000570820827610345005060080240007601106205937
156009007290001358873040096000368419369704580018095760642107005005020070031906824
980741036041050089073900145537400610004167020106583974760230000350610807019805060
920080713408010692013006500000835020500079368389640157035490000197068240864007931
083405900045172600070980054857639001409027300032000897764358219500046703308090540
720500386530708019968013007306921008482300061179684030815400073240870105600030004
620354087700192536135680940806009000490030015000401860500013098971240653304065720
175800090064159003300427506723900681419086350006730429030002700540618930080070165
412905060700608001906107305050396070009071683003402519897054106360019250521060094
892006531073810002560029480054162078106037000709580103018203754000471826007050309
670458213000302079120060048016207435007003196300090027030805964804176002562934001
020807349746003028308021765000200050287540603519306480900602031630105800051734096
749263508260090034310700069450010000897300140106470952004831020021040893683509401
713000208600718940948023067081200700250106830409837502074389600502671009896400001
702035060060204150459107382000523040001649070004708629326451700008076205170980436
104538267076901800520467019832049075059010430641305000900754620005080790280006043
920106703300874052475903001736400105502000300849005600197048536203697410684030009
162309080389706142754821390003015200090030654205000913510600409000193865000584720
960000002532087600804620970108209000070056290296840517020064189649318705781592000
301205798680030104279104635903402807706891050450670902530710086000328509800040300
140780600782650340963240008600327500050968000070514960016432870430870216820006035
500490376639108045472536980326850409940300000081049532290764050800905723050003000
047356218051720006008419375563070820000135900410862500030007650085090743790543100
050608040368540702400123586040700300010430609630291854524060100190052407086904235
540000907308000065071059380450023071862701450137564290010006832084035019900187046
370400802906372015402001000764139258503020049829047061190004520030090084205810976
003498160674215309800006245400809506789651402365020090230107008150980024000002713
318790456907306218206801007609037000470009500580014029892073000065408391034965002
918040300004300906623790514030080425000426039249003168082139057195007840067804090
769030145102507839080419000400376051027901300630050790900000418254083967806794003
765183020039000185800900073400710032903560041170409800590376214610054098320801507
800179042172054009590086317600400201029615834431807065000000723000960458240708190
716005280324018005005726004009162030260857901058400720090274000802693057600581492
800205401570143096041968000756021389030009700004380605603714958407590163000806047
790106020260704589348005000104598036026000915039060048000357190457819062913600057
005020641900615803016084020287591036409830207001470508008300162103208054500147089
490200001732815046500009287901703564207084100040051072304590618109438705805070030
070140020346520710912068500035201469029830000761400832603910007197680354004050690
075038000409702638080460579801624950064079023920013800392180046006290005708340091
430070501208050967067192038800715096953806714000904802680340209042069183000207040
854201900769008042102000805078010634000084259495002718040826097980005406627493500
268300174941680523703014006834090261507126308000003900089402615070031080402008730
670500910815396407249700356300000684501600070407283091026001740708462139104070060
000412078472860900103007042806520014200074860507186039620745083714030500350601420
026058190081000256590210870100379508802060309030021067658007932040005001319682745
070290856605081470824576103310040080740958030568032040057019064036000718400763009
900130082714289000380640719400958170593071620178060504000796030009504067057823900
900604000015900086840100239258006371374810095091730802162378050400061023537000168
059830107301070485080510090000362070002451600640900502598020741704105208126748953
307026498008000205049057361001670839804530712793000654400001506906080123185060940
635010279012600435709520080900730060003160900467080302078349621306200748024870590
065378042080200010000104768908741200700692083624030197800006031510083070346017829
040305702936002004007648000083251076719063020265709301070930000650807203398524607
017800960023476501080129073074280059039017820002900137790540016006001700041068295
074063800008900013351240976080091047405032698793486150500310280037804500800600730
769080123430016895080932047501260304046870012823040076318024000297300000604190000
304285970501049328820003460130000000680907000097318052756830219018002500243091086
156008430309240105070153980410030007600704521090821064060502740047360218823410000
409803672030527914702964305590230040374089506621075000980001050047050109105090030
095000231324500008018309465079053100436107000581062000900671300847035619160940027
923756410060200037010038000239074005600023740470509362892310074307802091150090023
000000001926018437381070050148006972563002104200080360075931628802047500600825743
000000092324000178016820300009200850408603721672108439290780514567010983000935067
715042069043590000926300548080050600001200734492600180004910827139728450278065000
000001276356078409127609050980410600275090341600032005000163790801920564769084100
050030208290806017074100035002514903060008152500602074028965741907243506600700329
683100709057300008942070306039601582408030000501782940896250004370900265215060097
701450600054000123006020007367214980492500001180090204500930710019045832273168540
810043620070201800600987040193076050540892700207130409060314572430000180721658004
402008916536091074010467005005126309090040020004379058368704592000052700207983460
370461200621970453498032701030050040000000002006123570080794615504006937760305824
800631742604700953700500010580492370937816405142370608000004007261007534008050260
605920307420708951080310264300581092040609070000472100562003719100206840894150020
200915300008037025500004690050876200024390070180042936403009862000423719792160453
531800009002000040480927001157308002029475063603291087015609734074500018068700925
105738460263019578000005000600043800439876215000001346084092001072004683006387924
023405100016000043098000250804052710907004862061879430182963570040720600679048021
003000805048213976097508312280700690319020587765901034050072008036104720402060050
030076801105243679096058302053760014470500063010320700947012506521007098008495000
927608015036971020418023000684230901000400000102007603200369854365084207840752006
045089021000060309963152740091000200052071030400826910289613004504208163316500890
043087690070096051056120700531462870704010325080700100698043500405879036000651048
706009358350167002200508617030280000680090423572301869007054001003872000925610784
065170400307200658002586731150347269074020380003058070006819503080000906500462817
097108365605320084384090172020906741001704250000502806036479008070851600950200017
739625018820743965540891002000200000002030094000014276450078629090402103018369507
048620050019345008207098604590400087821700503730050069172004096983206075065903800
007060850154007296896020710561092408278543061000006527013250609040009300902030175
406030025059102487017408300064800503725304618001005094690080741173200006048016902
050010700293407150187600300305004000070263405942578613039805060510026034026930578
309748512217965348804132706932457801105200007000390400090800073700500600401070209
000819024180530679090070058039140082271308406850290700048065010507481960006023840
657800003139002805842539100480020091010068700726095004001947538074001069398200410
074865390680701524015000687720540100006210749148937000007183950001002470052070806
270653001060000705510070603091348057030027416702165908009010370127830569050790084
001980000908057610567010980236490751479031268005072340603040027082100034150020096
100458600047903280590760143013090408000134002704026900805001009429305816371600524
087059300005023970900080060432591680570862013006007009364208700298075130751930804
609402038754813029283670540831065270097030800002080390025006487900000050148507960
045300007230700109700020056092100704054037920167040538501006893080912670976583410
021704030948000000673008100204180306009406802836295741180543269002601003300029417
300000061086900530517860920108097040935421086070086195041209078820000650750630402
042869000018730009900014062085927034200608017700143205826370001350490728407280000
410873569030015024097200801304107080005020910921600347703561400206009103050430608
080007160769000052020569478000705840347608000852000600001472985578916230294003016
160029345003000710752004698080000136009203087375681920097010063031476050006095071
304861290560729401000400768900612000003900000005347819052180943030274586846090100
080072043249130650107500289090250706600801435050764928700000060064327091000015874
837006029500700813129305040000000456001600098086254370300920765095078030712563084
305002089490030507860950240107269804009485370584370062048003090900710028010890035
527419003810530400043602700071900004385104007469003182054306278092040030608270001
019402000540003002270169480608015034725048900034026057480007306350600729967001048
940873510720015406010020000289041630054300071130562008805230164471600000062094807
172300049060240073049617852506080720734160080001005360420800096900526408658004007
620000039001607000745893006260700894197400052080230071810572940072904510450018260
500698230240000900308472150907080300684021590100700082039264015065917000700853469
400700860000534720372689001060098275928057006003210004237945600000873000849102357
407385196000900842090000537210798004763524000009100275506000413000053609932640758
298743605160908740475216098001500070726300901904001280607100030010065827540807000
820009000000210700673400219080060150035924867002105390097630420208540930306892571
006274903024698105709135602600903400803701509295480001030560214510802300000310050
030825406008706000764100200142657030680003000305008612257384000016972350003561724
407536092080007035650892147849301750020700300030005920308274019594603070070908060
483950000000247839927380400245108093360500784800600501708003200610790048530802960
648010270132760000005203001813600945706050018409830006361500090084396157597020004
007048000495020817020917504082406300004189002050372900006034080310705420249861735
173054020089620350206900807840031965001090070597406210304170086700005102900268034
300710680080395040417680395109030026004271809023500714030057060740106053500903270
048362190076819000009507800003080905057136208284095301002470053461900080730620019
800064070069080050047530608453176982090005307082040016536017829078000065004658031
900048503785031920310052706039087040060105807071003200003574008608319072007826350
052360407034872000807004309693017000085030910201590736370620100008940073416783200
403010057005040810701658934076491005590036070130025406007563109002189703000200568
305080920400200038090040106000010892150800040982700300519478263634152789020936405
762030589189706042403082010820005190316829704007304820001540268070000431048000900
009075810300018607817002395970003008208051439034200706006004281503127904420000573
074098025200574308038206007920701064000945270741062090812000736009087050407603180
007580310406913057030726400890107005310640972674000103749860001008009020053471860
803754092004319067100006043050403781087000000000807250048675319390140608716938020
267308415380000200109006730490071356718003042035942871000509100901060583020084600
035069248027813095869042170300007002298000714501408906903001460612000509004980020
826391745007520000451780020070940002269800004084200190635470000748032056900058437
100045007040720196307018540006304018002087039900260754090852471251470803700100025
045170600802063050060509841201054306080000025003296018028905160034682597650040280
000950008870024153023708940718590024035240800264080019382465701090030480000879600
002694780168273549497500000650142078084067125001000360309806450005039010000005893
924318506507062098608750000082031000100047203349205017201806004070100065090573821
127000546560102090003406002082060351010329760736800900040290600259630407678540209
502170008678090104001860570003008407000647053754239816107423905320080741046000002
784050063102700804009400250905106020078204600201000349507681432820300071403027986
908050007000368492326794815000603204407200659862049000273900008090800170081437920
089520067562900348140603050000860524008040701014730096920458670870092405005076000
860490703079631500130087026000805201451209000682700095003158600048326009006074802
217084305850200017030751428000006193100040782092800006001630050580402601629170034
001086320504090761260075080049563072002700610678000003005607408406839250807250096
500910872980200460021400305240698713039701056610502000008100620006024507472305080
100083970082067034370405028020870069098340705014009083430510000250736801001904350
102030708300801040080250010024193805870600130513087296900708020060302459001569087
070900805043657209501308006405702090007519624100460587058290041004800062030104058
104056900560100240090040006046021070017964002050837461902680104400370005630412798
590800163301046927206103405740018592608002700912750830065070218020000059100080070
806000241000406507005170698308007056602540783000038029059364072280701060060820914
350279084840500003092000157013004800076821539908007010034700208069000740085642391
640200097270000605009010428930167080000302019517480360895673041720900856160008070
806001037140563020002987000300102700670008302025000001450819200719024853268305149
005006732093200540062000090256804000819360204307020065930012057604759381501608400
507010003009300107301670000036401502284597061015263074003720900192804700670109405
905106702186000390720059816207060500809273060301508000512034079003015000078602153
098040050510208000703000080402657903607139842900020067320065100069371425170082096
002900304791083056004000109153702690806105730200600501015827000067310805028564907
523070040090054268068009035836000502759200600014965387601802400045730826380000100
281045690094001803053007020537602081410758030020403005300824006845030000102579048
728900163060010200351200047097540318014763520230891076006425701100070050002008600
042900006795000030836275914059100247201407305000520089968050003027849051014060090
092715083043069500587040069056028000829104635000006807000400256075682310060530708
008396254053821069069005803080064001510930600300100498700000302690483170830572900
026500400403820095097600801081740062054003918300981500005396200239078150048100730
782906000060502978495870601537104200948605003000738400004060050650000142801450367
013942508050630241724501600005029007800075010472316800201750036367000105089000720
030902708258307041709004352690008510500020806071590403925073084407605239000209000
095602304000197080100053609428501060013070852009268401906045108007810590800329006
769502400300469205020071009572094006000085047004607032906023850050140093130956720
203010496465900021910420700000783042007000908580600010600800034842351609709264185
006514020018309400504678031007005000483190605205736000372861040640053200809047103
970801506502000410618403297806710053705306100190084600067045809259600341400000060
901057030306824905005319672547938061092005080038000000750296140819000506200080097
100587340834200065000064090703806900298053610056009823081702039945038071070900080
527001604003200510001570029100926005000035280270148963382407106009602048610300702
723689004108324060064000380830467001005291438019000007297856100080900006346000895
730002080080070200912506370360050890109300057078019020040021509697835142251600730
089706325056123980203805064001068030060412009002379018034050796607030801005000043
900062173604030082000800946210504097403097215590320004165240030700910050839056020
194000802003001500265007319431092000826103045900864001540730100070200493312640058
086293004290176530073480000308007450901000007450630082600310790739540006815709240
001764892870900010290813006709601200000470009062539180903258761010346900008190400
018002057650100020423097861201000984745289613830000002106743005300950108590801000
027009000096207030801630700004080903739001402018093075483976251900028307170300896
290413650753890000041527000027054013135209064069030072000061005000985020016042798
058040396031065704700392105625030470070500000010427060092003000583179602160084953
107835402500026030003079851002004715406780309700050000634010008905048073871590246
008570640470000853602043001040006930795034268863925407007001509500007106016208370
203500481500481062001326070020800607780615293016032050450160000138970506690050000
294000560803765294005024001186592743950430120032600085008310050000000018341800070
257341698390200001041050270500004800410760059089500416920003705860407130103025000
800000230050123006623094000901530420340017598507049013090386072038072960200951000
001003470370010862250640093630182754817500000040700010485070936090406281006098040
000060708061007520573080906010604000050928300409005267690013482047806093138209605
698030145040810926512964730759108004000009070824003590435091007070306000086400200
004670001671090308950100067702346005063000700405800936009760003106080279537219680
080702000107945380052080074579804203013500896000019045030001008240608539090453027
624700000000021900051300080100005490240179538098400600069043815302806749485907320
007801652500390000486502903709005386250039401604100205800004037003250064145760800
084002503003905000605048901300701452057409300241053097090230105030814679018006030
047018030320705801518436920209140600760052318030060200652071000073089002801520000
405290837073800000080371000000630070750082006396147580007508090968703254502069708
041008536507261009608403701400096318879000060010024007102507490903140605000630102
007204900081053602900076040810005407030809506500647000109002385603790214248031760
207500691049800005305070048000600400423790506650412739002054867010267003576089000
050407108408000579003005020285340010041000356060751840032978461694500700017030290
506298700720140006841060092002480957175032064408000120907304005200806400610570030
192476835567103400003000010001300200380000071724800603075902004410708362230610590
304126000129458300000009210590700002748093001216000037982040050650830049437905608
031457006605123400042896005400010070010670538506000102957201803108000094360700251
100680000002140637074053010000370461765914280340860709023508170000731800007026305
106978025708450003205631800802000594500207008300089067007163080620800001981705306
197834652405600908800095070642001789300000400780060025004506893008903061006080547
000052407275008306001093050524367981108945000097081640900806004006020873702004509
280390475760050398500004000600071843402960017100040629320819750007030286040020930
079610400536490710241350009950703106300065804000100370090800060160504930785036240
002000309600893700910006485020460530305219040067508921041072096000650073700901254
900007015508010070061024000000000147076051089040700526097845231380072964402693058
371085020090216305025037108062043500007508002500060904009604051716859243250070000
970508030283160090456902000614200070720080040098014650560093421802401060049025080
100429070908160530726305010007530180032040750410876203584200967001600300060050021
000040537204570891075019060730900140009001008412708950097025684043087210026094000
912300075460005009785900460308072596076803014000450738690518002801009000054600901
589306100430000506617529834050018763108000209003265401001050608800602317000000945
005932070200541000193678504050020410701400000004713059538100040912300765070259180
300086207287000640906047130000309020802410769791020453508962004463800070009700506
086305400007004683300080901400008012238149705170032004023801506694203170050460009
509000007820046590761903080485030219090204853100090600006025140010869725250070036
300007451041653920020008030207506004850900762610802093968021375032005089005080200
024015870035020406178003295010704060000200100740001309580469700460378051307050684
703251906100900000080004570490000610025000438308065729264190807030527160071046093
500068409062030087908740050024807065089450010156293048840020000290670804037580200
389005041506790823470183905901020307065930210023410506030040000258070409000002108
079050080832400000045000620006028041780093056521760839067905312003642078058300900
075801096000973000004050017086030004720084159540709083030510472417092860250400930
050902018030470562000003007804527136006340805073080204769815423345000001082030009
017290038390500102020130045460870210901040060002060054109000586205618090806450721
509067040062458079041903508203680950004290700900704801607010485038006290405870000
304082160180654230009103450413820976270000513065031020001240600006018700090000301
075321896209000001800460527601593080958700060734286000087030009346978000002005008
948370050021005680003002497500620071069187500300050006890041305076530010035269700
148792306720605410630084007006007900090350840050021070000403109481569700970200504
738020619524109087619087000087004000005000006261008740490816572800703961070000038
040802300008750402250094601725940008084126000306070200800009750502437010070685923
036850904007012653592400718020076145715290000460080090270000580301025069600008070
012005074059607030400231859287904300935008247160300905020010068008720500000406720
430809000905376400780041390050000701000408903000067805069082534573910200208635079
050030006180607540276954080960042831815306427020010090042000950600200304501089002
485170300719236854620405907194002500307804600200000000070900460900027105500648209
603908154100070908000531000001342860008090400030786005592860341000409602486213500
860902430340010097270345100083001900004287360100530700408003029650104870937020004
680050709000000306135000480007430805400097630351826074573600198200900507840075063
140063700072054036530078100001032987700005460080049012205000640390480201864020370
200079053506823910040560000750390060630050409800200005923187540480635102000940038
903514602047032108020980300050379460009046080400850900002760814105420709070190200
000008710608475902700310804000600370070054200189032006237546190001807503805193020
248930156070050008006002930014093760090086014027400389031508000705120843082300070
827000549000004080034798026790012800000305790465809231146080902958620010300041000
000800001610039074035140800864025900392010085501398400103260049056480007000951630
206300010138000290090018634804130005367082001050760803600803402080020076572601309
507030104063004752409257830608720009740500083930410605206080300104370568000601000
210007000308241056756980210060719420000800607047630080481370962070006300600028105
729035004108267090030900002080072000060103857057608000690081023470009610810426579
085301040170925008060087152007600090046209730009743081030570009050092070798134020
040000851608510423215840967102058030080026000069731000900000746000309218826170090
137000005420516300065720009050400091074051268200870543701600032092100850000098176
280040651003815240004000700018006495905004000340901800590060128006190074421078936
567180249189042760003070085704308000000001000030425897910600428300014050840209301
800700961000000040706900500603279810971006430005431679192040358038052796500008004
900065204628740510430001060160300020003104697700650183300900802206587040850402900
062030090154027003000140250040869721007000030008070045306082509295613470481090062
950070061714680090086019074425790038639158000070200906097001400002040710000907685
503400602400029301972360058040630019206907580197840206350200900000793120029000003
360058007807000354425007806050386700283104900040592030070000083904005671010043529
867210304293046508100900672089164050501000406020570109010037940700059001900420003
050972103062183005107460802703009050000820310006531040000758021020094507000216934
006040210004900703930517400600080070840030920301472586250803047718204605460000802
145270000297403060038910240700000104904561070380700600019607030502304710073028950
035209700004608513000435060200006807006784021008302006050900632360800475470560198
500640000904508760000079240605210070217095030380704512400900123028036900093102084
086004930057129406940800027475981362063752100000036000604005000002008640500647210
790508241140627000350140670010400003030012064020980517403201080970060132000375006
065230417807105029032470000600351008001687540008004001580700136000000954406093782
509002870700081329100097040000030058482615090357029416203070064805040132600200080
009025001431060000082410960318549200740080500205376400024630009107098634903700002
091735420450200769802004015940050180000400950015928000000563047736042590024100030
215630098063584200708102036004061053030008001096053820051870040309246180000000609
823075010107306020600021350982050040300400170001260985570030290400512760210008034
109024758870310064060890312046100280507208601001030490053000006720961003600000820
530400726206000410400270093300050870012008605700620100697034001005902007823517960
001824903430659000900010420320000860816000205049000371050002149070960502290105687
019357002420091500503040719071803050250910307930000600390005006700100895085009243
708923004096751280000800050080400030504080971307195020610507890000618300840209607
000000194001200803006914200610039780072060340309402050903846510008025030760391408
280310096306924071400068200070506029621803540040070308504007902000200004062009785
913874000004910308500320940060002793387050206002600004039540600006298035850763000
004630581015094020280000649406903710830006050092540860108000075060010498520408030
039680504640005278700214039320009807190860405508470301000501000410900703003740002
294510067065090200807000105020970400041005002058460013670859041000030506513604780
070280615005746090006503274602030087740090530910850062500308000207904108089075000
780003400462015739950006001000207598008459003070301604015670042007004006846090350
407002900523094610008010002930000864761028530040936200086051007370869005100247000
320168007090050000640020800980531700174890356502000981450976100209403008710000049
004289003527306400398000210851670900239040860706800051903704005075008140000061030
317060204094002610500741080600497100409210760070685090040100976936000020781006500
407286300085903000369015080090000021000500030503162000802050973931047260756320108
372481900509300084108065000931726408050803206080500370803050049600030017700098002
000049000076310408245060310062005030734100280809000160093008721520973046600421090
068054290000080047054923806000347125240000600571008030900476380402800761680030004
340209065721056090000401072510920040982000510000080906054718630070060200163502480
160780900827054031900306200000023509030605010658097003490030002582400006301260854
192870006800030419540001278700049002360082105008000700030400961085060324014020857
420010730863709410105030090082640300346195827750300004204073500600208000098400003
601087543508461700074039060127006405059812376086740290060000930005000012000004600
507210380829536010134897005006705430400003507700000620070308002001072850082450900
607083029840001605209605843082149007400750080070068400064500000728900014005820730
007200059009403020000956040025000483610000205740582906504000061276031094891605032
700243058060108307038006091000080006326907405000405000097531820045070063183620509
004187093061034802300009014003800160209700458000051027697008000830000741100375986
100705983579300046438200051854020109060007030310800062080900300241008090693400810
900500080058009400074310025040067809800205370597834062105980047020051638000423000
907810030031002480086530210100603754070005060300009001710058006853076092642390008
082003106594000078031580904300100860207040000850030402405000293103904685960300741
008560207034218950006009408090420600602007140100635820085146700469052000070900064
004120007370800020002376045465718390017960504809540000720630019043291600000007003
078365924065000801490700635007010002924600000001452096543108200010590080000246150
003204006049630182000950374086700000934805700052003849007096528628001493000380000
600275400900031600704098503000063850203510040560020137801009065025086309090152004
004900370000037080000015609080291506125060894600504700540679120060340950390050467
600020910004010000805640032730402809098006041246000573000971405409503120057284006
219570008080694000000120500096802304153946870020005061001200490800360120030451706
173002005052070910809615203981700500706050430035261000504180002200006300360520049
830250600109800502562097381756020030080015000900378450600042810200100705410709200
040380705003006028806500001698173542400200190012050006059030874184720053060805000
090708010613042805800610903050071009200409001100206784740803102000097468080120507
094050271020008569051972080000291007400080932089000615070405000542000190036809754
730140065020057031154236090080400106370605000946002583017000000000804310463570809
824570190790000265563200004956032081038760050247000900009300048302000010075018320
008005210502080009000920685080736002067598004930102068320010040041057396050304001
574000689001900500098056700080025000350007206426091075945083000763209058002560300
000140002380690040410508973264809100008200097701050206600002719020900000049765328
470209000091700250025010009900600734030005926764092580046037890309000007510008342
903700000480009053271835009630001027847390061002500380000628405520073800768050000
300902070000060020020084003617039245492675000500021796100208960200597134709000800
630024901714009020028031457050806049800345600001972830000203068086157000000408000
050001080017003050062000190321070948500014670600908531100032060740169325006000819
078060300543007000020050017067931000000670104001824006830700041790103268214586003
032090000706103405194600382005731060009200100803906724267080540050007030341002900
402170056539806004000040829620907431014030005000000267000095108200700603801304572
080200600029617003306509120750008230463702000000060500070130002834020761612004395
900036007360010005170204030500908004628701350097300018700603502039005061250079403
721345090003801247000276050302407560040030712160509004010050900078902400030084070
618045003004083006030020080160804935840530021703200060000307002000158307371492600
502094073470300060006080105009150020125963400603407900954030700201809504830540000
900041627607023840024780590800650100070408950405209006000874060240105070768300000
060507841108942600070186000400210760021005384006070910937004156000000297000700438
900542700736910520020063910800437100270190085409820000307080249008200300090300801
800750401507100690401080020012040073003910006605230004050472160279800045104395000
305208000072054030460731200951386470608172500200905100000019040000420810004560309
003705960069400703720300050185046379600007200007030080000653108906870502358000647
300214905560073204092086170000020007740108520900040000859401702270030651006052040
023064017605217008178035006004008059560300804000042103000083092090026340030450081
205046987497082001068709004000075130002090400004210096070021609009307205020904803
710009534205000860360051927107960040400300100506214000600500300803196472000032680
500468390610000005304010060203109084085070012061200507040605073050801409102007856
900670102020894006000502908090300765704009810360051294076125309009407000810006400
803091470900708005107435000600080050090107608084050713736804091500013800018509060
000000500072009841081547900430006095006050008158970604064008053715300289823700006
000320019089001200213040607132467008408295700007108460024013000900070304070980105
680019000203587016190000308030002480420000639056034720000640000362700894570290103
000050000100309564000004100072008301891030740300071982008906237269003410710042698
683201900700090001019670000026837500975100302348509106067900000004012008031405029
931046025867102930520093610300401809012908500090065140000004390009037000100089050
009341672070002501206795003000510900920003006007009310705104268148206030002087100
758096001103000809000803050060000087070964005001578400290437018480109073317602500
800000410000000070947000806701206503024007601096815702030971260608524930279030004
350020010000319580400087000046070391019003670270960840060000028002146950135208407
050406080100085609600930415019340000407650901068100300806594000345021890701800040
049070268870009001015238497428006910500000674000041800100082740200090106904610080
810007004327940581960810007000059300139020050052300008000580079070100840508674123
105800020094702580080659001540003207831047600900500830059300160300190740708406090
020615034400792500006400902985000000042009785073000429360070200090526143050831600
000057008500362900004890350178000426039126805005748030800674500752083010906000700
002005600346080257170003000020054936050039020403067500260348000530702468010596002
354286009089003040000040538971065803040018900005002000010090200536027491492601080
823045160900081340000030080370000910506000203149307658790004831600000705210573006
002970080000508209809013000104657920768300001205184600000895007571030096900701402
000690023126045800590820614918000000465000182237158906000000795070004060052970030
000500300400360900003019070020901654560070008198600730039450807812096000745038209
526001708340067109010280604895020017631800040470000006003096072259008000700350001
400002001007900400006400020378129546049008132160043897000001074730204005284057000
000250300080006509050190476005000907798513002100960850273840005540620708010370004
070380012001956783000027004700030905453010078000870030102593040090048106504701020
072054009010230504490076200600042801907581040008063702201300485080020600504008900
000205000845076320600010504706024083080730005530608702200380069309402158008009200
000000500475000309008307200389604150720090860650000932547010693000030405136005728
300709152091603480047010039720900300630401075085030060806094501010860040053100000
126405000040001095003028461800510006569840120017900804600159040300000000091670582
020056700751924863608001200107008040586403007200705300073002090410639570000087000
060079048010540009007603502030490020109020403520030700492360080670008004358904260
010037508783005210006012307060000070830109052001703009692081730340070080100394020
089060304300905820654003100523000018091000600076390040102639780900780201700010430
064200185530916402270500300003640590000002603196075200085009730302000050700100826
712000069050427038843061700579802600204500900000009080407650800065290047300070206
405601780001340605300500000100007049029016537547900108070183956008000302010200804
000680000786230519030100000804000371273400965910060240049003157000706020320041806
005902163083406070100370000500709814610003009097200356000000080251698037760104002
907820053530009200218506000002000801184300700709108342601905400470060009090017520
406050720081023000259600000065010490103962080900580610000006150594830270002045830
006017548001900600007460920000059800020604010008103204519736082840501700670042005
010700800050801070083492500001907650000603709690018304030056087100289006802304190
000032010091400600670501083000968007560000090920170046209040561716200030430016972
407825003023010900510930724349582010006000059175009048702008400034000000060403502
000806035580000702903005400348007050650030240090548070809154300100760820760380509
103980000940020010087004369430870090079300002000492703708109635615007980000650070
900006018714209030300700009401300800250864103683005402130000004546102380870500900
070203904450791008900640500800029601005180030006537802709810340000364009300002105
375204961090170004204009780000700003069400250130850096703008640920000038400620079
000006900954018006007400081071082463409307010038540097785000049302174050100800030
500000908103780000806200000680000200200470536057012804908041763405027189031890050
030054800578902040200780659302005081914300560007206000080509010006807305095600270
560000730109283650200500189420008300000032005603745208846300001002060540000409876
050000009000038050086059173004590736002300501375146000000910005500003917139870462
419006820782304509000900471050003700376002905894071230048230107000040002120009000
409037000006018040078492605902360087080024000603075000860000473094003250300746098
649010720017036085000024961006100809983260500070009632050070100764301200102000007
004196530190537008730000690903070060567000084480650109209061800670340002001020700
107695023960038057000270689520800061001056090706910800000027030275000010314000270
470650821050004703006017954602500490008060310005081076504000107080105630009030502
409103006027400359306000701090601570004057290005028610000719030000062107570034960
002500000005810024000040037010930758509708410387050000250304876900180000874620391
009040000760831200342967000810390604200076000600128700021789030036000075470650012
005200703020003008073450029060547031731020094584090270050134980300602140000005002
058000421093020605106400397215974060800010952630208104062509010070000040004000209
000024003540390762023650084470000290080410576100060030830040620000036810265108300
040000000700860040600530718230400906106390524000250031803925000590640203402703109
758010263013026700000700004005402031004138907090057000506240108100075406947060005
500037009080109500469850307803001490100200760600943020058790036900518070740000058
471053620853000071692741080140030098000590104930214060000070056080020007060000910
760514000508263100020800563800005000000008005004926001132050690600090710947081352
003070490068401003040003768420057030580010904007904800372140000005080307890730210
704002580039875201020106090900000408100080905003409012097000000405921603360754020
300600001097300086500800973015080362743500090200030745070100630809040017601093004
070096180090050007001072650000060738900003016680014925710948500540007001300120804
061495003050370601300002005700241036092800000106000080523100069807509340609723000
050834709300020450092506030020713000160095087040068091070350040014082000200647010
000908425900046070428100006090000508700002914860001730007019280680300147302004609
760320048205980010010675000500060873300490201000530904600803005840059637050700002
090600810000904000006170049000003601605801000019765480038040095954317208260009034
901870020420036080000100095519067802006450079000209500090082410080003057004791208
000050230025031060973060410030520980650190000201307000300940050849605300560803094
006080500003926481008537900570069804000200030302040105135600740987050016620800000
072430018465018090180029700718903205300850470049006800800097006201060007000000140
409003708008070306370890200980340007210000053034015820103908072007204000800107930
920478013008109700700050098007042106010783920090010480005000372200537600403260000
200504106516080029090162780700800301080035670600000054960007240107458903003000007
842009035006530720070286000017905000020070914980103076201057009700860042400000150
700130260000080571006500843092008010107209008803071004630010485208095006040060790
000013250300000041002076090000034615600080900200009378130048562728050030065390187
013500762000003050009027000560179200001000490002435617290708134000900526040360809
896073100053002840070801009741200050900007016600100000408320001500609083329010564
000537012302006095050912000106004859480000000503680240640058900895000070237401006
600700481400136059000900000982460503534000007710590042260058904350000028049001060
080006150000910360106300900001890043208060000094023681009670825640038709072150000
063800040087043620400000830150082300208659471000304200049001060300490082602038010
900580004530706200042090050009013780005060100100805096304058970257000640806420501
205047908714800036680203000903500421400109067170026009007000182306000074800050090
604132958000705100200986043589603001037420000000510309706000004900004230840097006
170829030000610207362507008021794003436280001095100024610908050000060180200000300
070804129000007830832100070519080000000060018008051207093540002080073051200918346
040658210010020074000401009104206700829005640065040002500017400086000137471062008
598000040000001603061070250847005930016003070953700012080647305035219000600500097
230000740010405800840007531060850000500300060198006453423089617051062000700043900
608201090109000000703046801080512403200090510014060020002305160005104080870609345
481500320000100800600378010000210070803005940000984032060801790290030006317659084
007800009010593400300100586003010764506000000040080000039728651021450973000931248
010653947006910008070200016103002095400090370705000004901005482007320150050089063
520107940136002587004005302000784150801029463400000708005200090000490005943050200
035040097706039000201506830004000003023600040578400006080960370007015209350280461
903400078800170060057000243290804310700001002300207400400380925030710680609502030
005080003900360000423051098754903016061500200802076504040090360080630050030410980
050410360208607905306590070684000200003006509092000087400103058065080100031205490
840721953900008417700000208407630580295000700600007009000170000304980621069040870
000307100715000382000002097092736840008001076170490000307000218689013054200070609
040659000190387054658010739510804300806090007200063900005001076067000100020746500
031650208097804365060320094943180750008900023000003980000000807000001500504038619
020096571490081020006030009740062930000879000080300750913600047067103805854900000
003870000700300208120046030004708502002009800000425396295610007370084000401597603
090051734430096108708204569900300870050087003380049602079000056000025480000070000
001582004000034060094671208900000003670003400143205079430026987010708006700340000
762005139008000500054396082020009017000000200610280040200568401000024090006913825
800620000290530700754090236901000870080070619600189000529008060160003098008910007
800156247562090031170023600480600120325041760000000400200389010630002000050704000
001020050250780340908351000410268007090000230500900084705690008604813075009000603
100260907070001000362057408001090085420005009008000024246509070710820506005700243
624908537950047120870200060090000001000001000010090386160030950035180604749500010
670581490904000000351000287068409705500002946020057008210098674040205000093000000
806240037034179080020308000009050061010080029000900004900506210162800070058712906
870046030041730586630508701002000874080270905000080023090800402000400357400053100
000000600023106450408395120089003245000504089740020300010907060050600930004238071
790526008400013006060497012304008620026004057005002400630001705010060030047005069
300891000290457030150203009912000004080340000403008025040509208830026400520004903
136245007924000603700000042003682501000400708819300420600820005308060019090000064
000630589200090400095840010540060000030089600980400723753104008010006070029378104
102800400003429007040037260030200506658004900001590004510000003096751842280000610
050763812000010607601580439065000308000045001014390026007800090082950100006000783
820007301054318092301062000007900004910074506032850000005600173003025480100080005
001069000507000096986005003134902000000100904079046000453008761608704309090600548
607009038900270061010006090002365904305000700864920310406030000039500640500694070
180074002000003408043020510007830190809105267010002853090000780600050021521380000
263587100008610200400023506609301700100809345835000000520000430790100000000240957
410892350000406980008100462059700000003209600170000849901608500280000106064320090
470530020850060040320709005095084607043076850600310094000491508000603002004000019
004163080078259641615070003830090400067000000402007130000000090180705360003906815
043801000000390000070420031030700580765100490800659310092500170018000045057008963
054000980179800506800900204900428075720031000040760003602074008300685400480290000
039106504040800007001090300905060008600080971874020035460709003307608402050043060
004005090370189500000300007008902005197450800002800760861597204000641000540038170
014503000076904000009106004741050200000010708000307509402701903197035860653200001
490750006000021300080040097378100042105097860964000100830206450009030020542070600
020300080006001200408500010900008027060902308852730169280010036670083451004090070
060080403280007016041060807004630900017904000092170045408016750039720600500800030
300790800104000000500060913000540301460129087051800469709030158010085004005010096
007900050020470109510008764400239570000504326000007908380152090100000802902043600
405000090100050080086104352709000860062801700048760100894600070030090508001387906
300005201004621089800000067000510000158042000030987104900768010641203708000194020
095402083230080100000301065403970010910000607007215009561000900800020536309050401
970013520082000001510090080861754293430100700007030008690000407700501039100000852
002648703080007095007005248870053004290461507005870030500000401069510000740006300
000060470001073690600080230052010009804350020016204087405930712009041003170005060
052060780830509000040307925000042807000070002729005416068410009090700630070096540
000030090905408002001095008410800900390000824082947060000789546060350201800160309
390045100205081000480600720028560000904872010756014203002300050510000000879056300
020589061069000000005326407030000070650007004004891653740050106100043285083002040
780400105523061000400000036370098650160307204900040387007083500891000063200000970
601350209004712506800069017010006400006104800003920671200690150007201008160000020
762048050050030610019060004000003146640720809083400000295370400070204391000080705
180032009905461307700809000008094705009300008270006003540603001600008070897210406
060015809000090005507008601108520006900007508050689010621450980080002100000861302
000300150030009004000608030300405008978126005000830020400903672783064500600701483
020008034000002105146003802560094310291036400038501090072009000804000620000400783
029000800067425130300780260214000700000000012986070400698010047732090080005007920
951460820670230105200019400029386700807000000040001002003005001005602309792100008
000003840543900267809027001910208036300014005700000010090846500087395000435000090
800210436502034007004809020090000315043002600160083040400791803007308000000506209
239010506105624379060350201800060407000040000641972053002080035370090000000007020
970000100000471298240905670009017004104503086080602931007300060690020050000760010
000500700010820400903000050435002008192300506078105293050267000304000807701080965
820500010540700000601800500000070240084035791900400305000290074002180053406307928
600720150000100009007095026075009010002507698009210740051060084230000007980402031
480010673000087050300060082000278004002600830800150007536490008218736900900000310
319056000200007500000001206100000609904600008050409120781594362000028010590063407
300710290061420735920563040006100409010090000589007602670001904102070000050000027
390608025060520307200000000008105640530864270106090000001983762080007950003000810
904500867160007003087004901070080490049026010816400702400370020693008000020905000
005076028007400900360281045000008004570064290100000687000310870821040039750020010
001050009006972013007301020064003008019087000020105004870609540100038960600720301
031070620002000089708090104570923000089000006214000003020036897167580340800007060
074000000920086001105230469019004005462000107708001006200508090007642310046003002
800042516600009800000610940906507104040200005502490607157023000460000030320164000
020010080040603721080040065095328610000461098800000002004102000108590270050836009
020080000803971624400326080940067318538010070010090040000709061300142000104000009
001040000370569801654800090009024000108705000000680009003208107017930254520407900
307805091019037060254090083495000000780006034100002007043270009900004370670009005
940008300182705690063104008000000810354680927071520030000010000790006102010002703
000000813090000625003000794030050140046807902957000360010003089070926401020001576
070005804450008072000340956702103000105000603634809000067001009348006517510000008
401300592300050084509200000006901030298003050000508976007005140800400703934007805
680057129029010000750030006000904851104082603078003940000000200200390010017020394
406000301508000700100900580050600970040783120310500608035820006000340000784165039
079050084530080020200100030317000000008031405005090013850369700040018062090427058
026150000015498020040326510001074036000819000450203178500940000002780000094600700
000103658300000004608704201709002800816040503520006009002009185980420067000070092
207010000100208704904376002702809000009652140546130200301064075600003400000001600
253000704096020030147008060400637000000105627001892453009000040080400019014089200
018005027570139600000270000097401005600050790085790003163807040850063000020514000
040010020300002000006000493409205060670043982801690534100020009060951340080036010
014067302206350071000010089700801230308700000401603008002579010907000500105400920
300000700020039600000006051000002800038100092279648510502763008840025060796010230
700308900004670500060900708400009106890014253000000400108423690600197840200506300
007008200169002450300005009018607304453029007000040020801070900975284000034090870
900730001000500004000040520200004175078251309000079840027600430605403917309080050
030589021600000000081246037069020003800005000023964780210670004400103052300450070
730500840005000012960804053108007004307001508000289371609400180204060000010908006
014607800509040013270300060002000086045026397000039250651083902000000638800060005
095007203008012600240003080950070146826450079017000802002005408060004021504020000
607513800400090053500060000000341078108000364203870190805000420300659080700080036
205000791000050300100000500950070080070090460840231957700042635090000014624015809
003250074945600321702004580000000400654000030309006210270000000430970000590123048
100390006370020519925671000000006408037050060608207900700002000051000000863014257
100078600002015430600090001009007806000850070876924010018003209007081040003500187
009100872058230009010809000800710624100060930000983050480021000500004003031570206
870902610000148205412067980006070002000800006700629050060095000050200400041086509
120950036356040790709008205070080100610005070903006020000021007030000652260034001
000789040079400510360005809007040006000591037400078200600917350030864000090352000
000905680601000930080006752375402000942061870108000020510729340000000007024003060
010093682000000095200500300000809421001047850458030000732060518605201700109000040
020070000700000124004060008102604739467005080980710465200540000008020007605397800
001500049002068003540100080096730051057006394308940200704080905009204000005009400
050809620007001490980027013000100852302058160805004370040900000720306000639000001
090002850052000906064050301030000000180063002206070003020847609010005400409316285
304700106001050703675004000050320000000845300400970820080460072700019684000087930
070000610000070020026410307580160940000040038097300001001034876368050094040680200
067004905030790602098265070609080000025410368040500100001600009082140000370000041
009503070700000090003749001007200980080001743030004005370012069690350002251960007
000400200400305000000007540020600095500190368008053021754030180900074050362581070
120080070003600028680020010301840000865192700092300800017200305000030007206704180
000050010100083049020400835900765000003140006405802970000604190690308204008091300
004608095700105804582094100908003007000010083100007950031000509400370208860000041
803000245070000000015000076742806150100475020000123490500201000081539060300040509
060580201000621007001903850400106583190000000608050010089005120046000070217830600
060300240010502038073184090030240900609800020501609804300010009090050060000923150
450217030070386005326005807040000060700000980082930000003000572097821340004073000
000040000476000100002801740183500602000102000520376018038219457217035000040000001
765000000000040502042058310603510000070900153519407026306005700000004630407360200
000002001740900805061350027084620709126000004070001068090130000005008190407009583
000002514421000098007004360000023001204608000873009050300491607106200005740586000
007000000608342001005907800060400027310050408000093500841509000256138904070004180
793001400524600178800240000179800245652004307038002019000000000340000050000408031
027804600001030872098007435700410580000008040580069020902640018100003009000290050
543000917029031008000004020810397050904806203300005801000700040400108002201009706
000318005006259804001607023020000100810435206009002530100704309073001000204500700
170900200903600581006010793360584100000170306710326009030000070501000000800093015
058002390300587200426010700265940007007005000130600029600150078570820000800700050
008903000005712030193050207019047000547006180080000704906000040051324006030680500
902005780601047000780290000126500897500068240040900006070420060063709520019000000
900000040002096005000804239004000097328079604009403800100082063800041970003507410
860073400400200080003405070000120903100000208002098716694000507310700892000539004
005106000009400513700530000491273056030004090002005130080759061000021408000048920
703050080208703000100008000006500070020600090097002060684025731531476820900080506
109008000254067980800502416640001208020030050030720009400200301312400600700600040
264083970037025080150007000049200000302010064600734092400060708700040059003970000
300720905007938200900050730280060019000092803419000607104006050872500100600000470
608590004937400000004037109005000003349851000060900058190270065050060007006085290
002798600070000198390014000709050000006900005185003900060041000950862471001009586
809060020005872936000190000100206805002503694050087203508430760340020000901000000
000960041001000230900200075590100083400600002012000900230590000150072390679041528
405006900018574063623810050060900514050160008000405320240708639009600000006000000
400009106706084350100000049000801003000046010001053000070018530314705028085030790
076004001230050000109007030912000300063490057400000029791500002084920075025040003
010670023203508700067403800005204000009000000471080952084005201006142087000000094
068009342200006815001038006306090080000000000190002067900800024600974050054620703
009000000028410500100830407090503012640000005310602948201308700000160203003290006
060182459000003000050490738006014003701009060000005000008600045205347986004058020
100790000007060300063045197089006001600827943000031800000504600006319580090002004
030460957090000200048059016080917604900000005000540003316005400800004531009001062
006827319800030000327060050680203590000048600200050041902384000035002000008500032
900000007017300405500007693120700950300005170000064300063970501001040709009601830
009764080600500037000382900004107392005043018000608700078400009946020000120900040
008700103400003020030800050060050279800301060940260380500934006006175002000682900
307094060490200800000030000020100300853040000001060285538029471209400650004051020
563700010004000900802401003030820000610904020048016507056107004000240106400560800
020684901014005000000013040006009000009250160002136800760401000401302000093508416
300000894804009260060054000100037940036028050795000300070693400600002010240105600
060401050531289740400035002040000010025900000003004200154008920070000480892500071
037500000800004000601003500089000071400000389076038200208057400514080792003049810
000080714000007903103609008200378400710050000050064209947801600060435000001790002
709025806400001572050306410804003000005009003000000900300580190072910300981000254
000782014082041500007006382000907050056000079090120000000400090803200700079613825
028634071049000263000002408000829004200150006180070500400000839956308020000007040
498502070020460000700300500050003809207800601039040207913006005080004090570908100
020000000800070193710080040007405028540902600006807409681700534470006082000008700
107304020030820714040671305600409000000058006000700000003940581009060003401583002
600900347082604050900100600503096700010030400720010800197042580405000203038060000
234090700900000100850047006010074250000000610300102070789406521002819300000005098
001080490600094800408003600800475100050016004040829000030000710087040356516007008
160043580520706003000100000000429108000610704604037200406080070070060059805901002
000600047002105803030704920807459600296000504300010709003000098040063050500900370
026874000000020060300016000410300000008002091257069300840031976002708500103005840
000489032803010460020600095740300000500067200310004008930042600208900750004806020
026740030504030901070000026690571304407680200803002060030020090000350700000067013
062139874000008050387600000913507260020903541654000900200000010000790300070026000
000007420854092306700406008040050290000023004020048500600300042005009810200804965
170923000026081397000500102054017609001060003030209000000605901700140000015090206
003800790090200081087096203002008407608007000300025100800759300031684002040310000
524009070039470080810302090000020000070503008050040920460200109700010843185004700
070000040250004090000060080036542018180300002402700060029600030017428009560913800
000173000901000000068000170604802750792000601503716409057601040400007000120004067
730040080250076091060080530021000800900805026300060704002058103003000070806103045
804705003710020006006908040001290004007001800350046071165400739073050000040170000
500803010090000354070001900210408093987632045400700080000005470002000030050074862
080090605056701080409008001070002093640057210902804000500000120060179504000320800
100843000027910030083026000000087019900402583800090270050630821619008007000000060
100064705742100000690080104010008070300002651026700340060020900000070462009846007
000501070814000029000092081140870006763120008900064002605010000300648095401000060
000601080960034002300079605700000030640053000083702400007045060054068700006197204
001000800030089200402631050167000530850163000003907600315800402008070005904002300
050942017760185320004006009800000561005600000010003008090834000286000143073201000
940050000300010450007000203408020065053004000600583702000498007760230500830075100
170003042380690000000700000007040316000160029800030405000001084792008103408320590
090143000800792040700608020178930462523000900600010008000070600460000051901026000
020007009710006800900400010890071034040580900000049580472003105601020340000010028
849570020600000000203010867060020009007834612002905070918240750000000008000008204
080002050610890003000145678031500700008076314007314080003000000070059800000763001
000008063005367100830100050980716004714900820560400090001800900070200000209600308
748900003006000492390046800009000070620500000400080920805300200004800006961425708
480500000300482007000193850000010200610030070900070081836001905100058703009020048
040000700063027049000014530000970056070400001609301020002705600006008075700203914
900205000065073000700608509301800020594327600600450900409002001006100000017034090
003091070000027015000600300059700208804032900030509164008053700405070000007210506
009000025012865049000000630005409100094700253060152090038001060001608070070000018
090002304160070000320400970000067809800203410016940720200030608650090200000600105
080507632003000480207340105008009203040080710052760040805002000004001060036004500
009500047006104305503208169030400008420950016005807403052000030000001002000020604
008000109901000700034000085007010924123495860649700000000050001015903206000601400
009640120002007804014003000098500640050030080127008395001070530970326000000001002
800360120016870004000100860000207008021948000470006900040650200600401309130709000
805060200400209000962107400140530000238790650000008024650000840084900006700040003
000000046060000030004600120236080000001240860405760392007315289510400000328000400
005832090300070000102945800000009000010060009046183752630000500020516000709328010
570831046940006005060005070609308407400070008807542000700203001216007030000000002
007128050030965100000040920204659031073000685000000040020001004000096010016070392
800750901700436800000000430400300015000045089580170603000003020128504076000027100
000064050000350142000009630004090371615703020097180000500070283240036710000500000
180204607000000030074956002457002000920105063000780500042590000500608200761000050
083620510010753060046000300378219406690000201000036907405060028100080000000000003
815960200309072008000008006540897000000020000038000597024680300900700062156030080
031960002040281600900507080406300728003700050000692000300100860009003200278050009
087030009002005008040019750760053901020940300000060280270000010006021007851704020
105200300920138000000509210400003001008400023000000900640905000583602400070384165
357002090200093450000100023009500310000000000830040267702010600603070004518630970
028730004004280007003500021040073280081054063900860040069408070005000008070390000
300170094705040080492508000103800462900001030200600000507406021801020003600013000
007064003040002000102730000603008790820001000054600120930100500400089601200357089
365029100000650924002100000090000000104000507008700609079300240026040093410902805
300040700708000152100008090810652340275410000060000021000304900501000034004005276
510094003009753010700200049080040932002009100930806054090000025100060080000400691
000907862980106304562080000070000000800500201209018043095031400430000009720009005
007036000100050679405000302070000800054702013219385764600043107000070000703000400
040536019930080624610004503000000000504900080003000497300800001400000700896017245
000300900001600324203400610008264100150000806904080000420807501800046000637005400
003201960600400500070036010100304679000698000306010000007100430200060195508003720
940020500063870409502040030000200104001000070834000090407081903600030000085962740
063072948000000003094010000370048105940750832005000007817004659002000300030180000
080614000065908100041000098596020010003400000018059003034087020000200036050390470
167009000005014709042307006000200900006940108700830000000750640001468097674100000
310007029970080040406120000807200904294070000103094702740310000600052400501000000
068005209005000006030486000076003002053090008891052734009047561004000007010008400
123084900560090480000002000300705006800040253200863040000950004430207500600400009
102037000005060000036000209009103740270006300301200098560049000903028004800051003
074003195000020084003510270000201040900308500010000003782030010500692037300080002
007000100501000900003501070700009631036487529000000040070160398009035700308070400
320008050800090003591030008009064527042000380003081000200100965000600802900025004
087060105000850020090712406074501002000603071600000508060070810010030059000008760
000500407610900052007040000700850603801003500030160270020390000170482005300005120
900482007800000502670030148018000436000806205065300080500003000190000004486020003
740930256050000349023064010200600000174080092000090080002056037509000000300409060
830200006907350000256000000010000072793020061620470090005062140100000589409000020
702100346084700000500090000006500009047060005009073264403008057900030400608057003
090105607700069080001200390000900036080050170900071504370642900069700000000590700
700402080100070400800109035000700001000001000417685903542390800698207300070800000
791008000000060009800900204400000156900601700100450000007090031319070608582100490
982005000760008905541009600800361050406002080235070160190080000300016000008007000
807230000003400080520080090376100004900050100250049000035012700080560000600974530
706301400301060009000000060000140873583070010100238605200000000645093100010500036
005002013004050800010800456000023048000004000030780092067200904843169005509000001
006000700200600584080275300104008600060351000000000100800160240040509071301480065
480000060003024100000000542036870000107290005000401070001007250004102800058046917
004080927000002000200167030021305809506001743003000010917000650308000270600000091
000040720020106000040200006300701000819400500200830090000507203035904008472083109
304020610017456003005310000040065000150900064000000750020041006000690530896500100
500600000007040190410500060041030028300000000702084506104950080806001000925863700
038002009152039000690010500000091702009025040260008051820054000000070085501206000
780000001000810560400007890690400000040000086528001349204000738000028650065003010
010007020007080510006502097070148639000900201300026400000000005708200903000305182
067598000539000086000376051015200400600000005394000620953000000001009070086400093
000050406169000050705000000007010030234079015501364029300000001006108900012007068
080500700015800003007020500004000052079052360000006479000038045038600927020090630
200859030493007080501306000050280000920005300018794562002000910030072050000060000
059071806007086904308049070610092347900063500803000200000000000030000700000638025
650090010900056000702310000126087030800104007504030861000900106067000390001605000
290430007010980620007002090003750200700300560109608000004060032000200905020893700
006090005520000000041070000000019034004352810130004750800500002400027300203480567
507840060192050830040103057000009048000008001000500026003006480000705010900324605
480000070710463005000000431020070508869240017547130060100000020000001003230007080
004503960010042030000006000309058006050094072241300589100605000060020010002701600
006350029000870006000649083070903502000400608000718000960500007280036045000007801
869301705001906008040085169000000001210600004000000630000513080070060953008029400
010908003000730060670521894050100038000050907009007516000000000030600400725410089
300079204006450000040820000400000956001095028059040731004068070700900380100030002
000002401082401050000008007060780903075926810000134600037860040100000006000503098
486035000001000094730024086002000059097548032500002800105069003900013060000007000
000019000000400000021730805209008564006054008000960300100503209080090010392680057
519407006827001950003500800900026005000009300070000640050900008198054060040670500
004307008985420070000090012000006700600000831031005000460752080008600200012980307
000004007000000000900100208007028395405793680830000002652000800000075906798246003
006800004000695700097040085679520400825100000431000050940016502700053000000089000
035007002479206000000000907000360209012009040390020706041002873900000520200453000
000701030800040672000620010792060000146800300530100000465030280000004703300006504
000800350301502000570100060090038016250009700130600040715000800062040100903700005
008201750051000042060705901020480170009000024107602530000009060000000005530800290
060000000194685007530400869080020500700040006050036702015000400903850020008200900
000518900040069802009204100690003524000600001050000600513847000002300000080906310
100000000030012790520009000300000079800120040046090281085230960070006853000708100
900600013015873692600009000000087109004006020190034800060048930381000004700000000
400903025310502000200600493500000038130069700000000010007056049050090270900037500
305000680800745090000008502107406000009000006206009007750903200908024730620000900
304050002000021340192070056040382500256004100000006000600109080039860000010047000
003090017190000804082400060005900040240003070007045020528009430000008002901234000
034000070900048302000030100400800003093420058000367900060003000009270501100084236
007000000090070081005010070638001000010209037970800146069504700050907300083100400
841729605007065000005080409050608040080100900400003000004800000572910368000000504
000086070607293401009007206000034060003002090280700010000645103030028000006001908
026500000000081000010906527000704060109058030005003900041309000090402703037805200
000000080000004050090500367243050070089030010000046023064078502950000001027490038
561009032000605100908100005600001300039060080210348059100703400004050900300010000
001000072000867050450300896000010023500000700000502000098006105004105268600083940
204000000900070506060020438000702010070090263010603000159030004840916302000050070
300005000750041030200307900417026500000900201005010640073068420004070300002400007
100200090209008050367049100490007006500981040003062900080000500605800700001720400
008050007009000600200090080000040516300215049140000030591034800024009005063502090
020070400703064009405091000007100980090720040030940000050610708072000014010400360
167280349050000071400301060000069480280037000000024007070053904040900700900040000
905067048600000000000000060098370106050016000120958300000601009200789531009000680
208003061340098700501420090034050020100800007000002004020680010007900208983000600
745329080238006000001875000023060094597004006004090032406000309070000000350000000
000000004200603805307014092005009308810536240030020000080040000100000783073081400
040080000001000057060350020003804961000093504400016032130002000870905000059048003
706000810000680325300000064600098400280100000490700230069072080000016000540039100
509010302002805900800000750096200070070400500080071263350100608000007400600090037
000070100600030509005140600060300201200010856048620030002803010001000068400750092
420803700900000810000002000394006008150708960000930400813209040209000100000601230
023705040000102030058039600000070014004051267012306000000010000071690005005820090
400030000501000006007145000600070950750019680918064000005480167006000000180007039
001420000600109800700803400039000000400000530510300294005000040143092687270030009
703600800962008530584000100300000600007830200000002480030501042070290316040000900
490080306010003008002009704003020485900356000205008000640830002001204803000600001
002300769604070000379008004765090020000087006000000437530700090208050073097000040
030400000050700401000092038000020070427310000096857342240000507300005020070048600
590081000306904000070650803000130040000800020400020100751400002009010450803295001
128000065030107020094050100506000902217000080009401000000705201971040053050000007
200600053700090002000321870820009305075040090401205600100000026900000408580400700
006031207820009000910007486009000064060004830405003000678320040090408070000000320
019800032024000650000009000070510000293408001000000300160324800947000203382000405
046000307390080640000600000624030750900200014807090036400320965000009070060010020
070006004080459700004307869000690500809030602003015007000872000100500200038001070
510820300300000460869300200295708004071402500400600020030509046908000000006080000
009800000800905004040306809694037005010009470008000091400000900005098002900251703
